%{
$$$$$$$$$$$$$$$$$$$$$$$$$$$$$$$$$$$$IDAM EQUILIBRIUM
R=1.2
Z=0  
     
w = [1 1 1 1 1 1 1 3 3 2 2 3 3 3 3 3 4 4 4 4 4; ...
     1 1 1 1 1 1 1 3 3 2 2 3 3 3 3 3 4 4 4 4 1; ...
     1 1 1 1 1 1 5 3 3 2 2 3 3 3 3 3 3 4 4 1 1; ...
     1 1 1 1 1 1 5 3 3 2 2 3 3 3 3 3 3 3 4 1 1; ... 
     1 1 1 1 1 1 3 3 3 2 2 3 3 3 3 3 3 3 3 1 1; ...
     1 1 1 1 1 5 3 3 3 2 2 3 3 3 3 3 3 3 1 1 1; ...
     1 1 1 1 1 3 3 3 3 2 2 3 3 3 3 3 3 3 1 1 1];
%}    
%%%%%%%%%%%%%%%%%%%%%%%%%%%%%%%%%%%%%%%EFIT EQUILIBRIA

%{
R=1.2
Z=0.2


w = [1 1 1 1 5 3 3 3 3 3 3 3 4 4 4 4 4 4 4;... 
     1 1 1 1 5 3 3 3 3 3 3 3 3 4 4 4 4 4 1;...
     1 1 1 1 3 3 3 3 3 3 3 3 3 3 4 4 4 4 1;...
     1 1 1 1 3 3 3 3 3 3 3 3 3 3 3 4 4 4 1;...
     1 1 1 1 3 3 3 3 3 3 3 3 3 3 3 3 4 1 1;...
     1 1 1 1 3 3 3 3 3 3 3 3 3 3 3 3 3 1 1;....
     1 1 1 1 3 3 3 3 3 3 3 3 3 3 3 3 1 1 1];
%}

%{
R=1.2
Z=0.1

w = [1 1 1 1 1 3 3 3 3 3 3 3 3 3 4 4 4 4 1;...
     1 1 1 1 1 5 3 3 3 3 3 3 3 3 3 4 4 4 1;...
     1 1 1 1 1 5 3 3 3 3 3 3 3 3 3 3 4 1 1;...
     1 1 1 1 1 3 3 3 3 3 3 3 3 3 3 3 4 1 1;...
     1 1 1 1 1 3 3 3 3 3 3 3 3 3 3 3 3 1 1;...
     1 1 1 1 3 3 3 3 3 3 3 3 3 3 3 3 3 1 1;...
     1 1 1 1 3 3 3 3 3 3 3 3 3 3 3 3 1 1 1];
%}

%{
R=0.7
Z=0

w = [1 1 1 1 1 1 1 1 1 1 1 5 5 5 1 1 1 1 1 1 1;...
     1 1 1 1 1 1 1 1 1 1 1 5 5 5 1 1 1 1 1 1 1;...
     1 1 1 1 1 1 1 1 1 1 1 5 5 1 1 1 1 1 1 1 1;...
     1 1 1 1 1 1 1 1 1 1 1 5 5 1 1 1 1 1 1 1 1;...
     1 1 1 1 1 1 1 1 1 1 1 5 5 1 1 1 1 1 1 1 1;...
     1 1 1 1 1 1 1 1 1 1 1 5 1 1 1 1 1 1 1 1 1;...
     1 1 1 1 1 1 1 1 1 1 1 5 1 1 1 1 1 1 1 1 1];
%}


%{
R=0.8
Z=0

w = [1 1 1 1 1 1 1 1 1 1 1 5 5 5 5 2 2 2 2 2 2;... 
     1 1 1 1 1 1 1 1 1 1 1 5 5 5 5 2 2 2 2 2 2;... 
     1 1 1 1 1 1 1 1 1 1 1 5 5 5 5 2 2 1 1 1 1;...     
     1 1 1 1 1 1 1 1 1 1 1 5 5 5 2 2 1 1 1 1 1;...
     1 1 1 1 1 1 1 1 1 1 1 5 5 5 2 1 1 1 1 1 1;...
     1 1 1 1 1 1 1 1 1 1 1 5 2 1 1 1 1 1 1 1 1;...
     1 1 1 1 1 1 1 1 1 1 1 5 1 1 1 1 1 1 1 1 1];
%}


%{
R=0.9
Z=0


w = [1 1 1 1 1 1 1 1 1 1 1 5 5 5 5 5 5 2 2 2 2;...
     1 1 1 1 1 1 1 1 1 1 1 5 5 5 5 5 2 2 2 2 2;...
     1 1 1 1 1 1 1 1 1 1 1 5 5 5 5 5 2 2 2 2 2;...
     1 1 1 1 1 1 1 1 1 1 1 5 5 5 5 5 2 2 2 2 2;...
     1 1 1 1 1 1 1 1 1 1 1 5 5 5 5 2 2 2 2 2 2;...
     1 1 1 1 1 1 1 1 1 1 1 5 5 5 5 2 2 2 2 2 2;...
     1 1 1 1 1 1 1 1 1 1 1 5 5 5 2 2 2 2 2 2 2];
%}
%{
R=1.0
Z=0

w = [2 2 2 2 2 2 2 2 2 2 2 3 3 3 3 3 3 3 1 1 1; ...
     2 2 2 2 2 2 2 2 2 2 2 3 3 3 3 3 3 1 1 1 1; ...
     2 2 2 2 2 2 2 2 2 2 2 3 3 3 3 3 3 1 1 1 1; ...
     2 2 2 2 2 2 2 2 2 2 2 3 3 3 3 3 3 1 1 1 1; ...
     2 2 2 2 2 2 2 2 2 2 2 3 3 3 3 3 3 1 1 1 1; ...
     1 2 2 2 2 2 2 2 2 2 2 3 3 3 3 3 1 1 1 1 1; ...
     1 1 1 1 1 1 2 2 2 2 2 3 3 3 3 3 1 1 1 1 1];
%}


%{
R=1.1
Z=0

w = [1 1 1 1 1 1 1 1 2 2 2 3 3 3 3 3 3 3 1 1 1; ...
     1 1 1 1 1 1 1 1 2 2 2 3 3 3 3 3 3 3 1 1 1; ...
     1 1 1 1 1 1 1 1 2 2 2 3 3 3 3 3 3 3 1 1 1; ...
     1 1 1 1 1 1 1 1 2 2 2 3 3 3 3 3 3 3 1 1 1; ...
     1 1 1 1 1 1 1 1 2 2 2 3 3 3 3 3 3 3 1 1 1; ...
     1 1 1 1 1 1 1 1 3 3 2 3 3 3 3 3 3 1 1 1 1; ... 
     1 1 1 1 1 1 1 3 3 3 2 3 3 3 3 3 3 1 1 1 1];
%}     

%{
R=1.2
Z=0  
     
w = [1 1 1 1 1 1 5 3 3 3 2 3 3 3 3 3 4 4 4 1 1; ...
     1 1 1 1 1 1 5 3 3 3 2 3 3 3 3 3 3 4 4 1 1; ...
     1 1 1 1 1 1 5 3 3 3 2 3 3 3 3 3 3 3 4 1 1; ...
     1 1 1 1 1 1 5 3 3 3 2 3 3 3 3 3 3 3 3 1 1; ...
     1 1 1 1 1 1 3 3 3 3 2 3 3 3 3 3 3 3 1 1 1; ...
     1 1 1 1 1 3 3 3 3 3 2 3 3 3 3 3 3 3 1 1 1; ...
     1 1 1 1 1 3 3 3 3 3 2 3 3 3 3 3 3 3 1 1 1];
%} 
%%%%%%%%%%%%%%%%%%%%%%%%%%%%%%%%%GYROANGLE VARIATION
%{
R=1.2
Z=0
gyro angle=pi/4
             
w = [1 1 1 1 1 1 1 1 2 2 2 2 3 3 3 3 3 3 1 1 1;...
     1 1 1 1 1 1 1 1 2 2 2 2 3 3 3 3 3 3 1 1 1;...
     1 1 1 1 1 1 1 1 2 2 2 2 3 3 3 3 3 3 1 1 1;...
     1 1 1 1 1 1 1 1 5 3 2 2 3 3 3 3 3 3 1 1 1;...
     1 1 1 1 1 1 1 5 3 3 2 3 3 3 3 3 3 3 1 1 1;...
     1 1 1 1 1 1 5 3 3 3 2 3 3 3 3 3 3 3 1 1 1;...
     1 1 1 1 1 3 3 3 3 3 2 3 3 3 3 3 3 1 1 1 1];
%}
%{
R=1.2
Z=0
gyroangle=pi/2

w = [1 1 1 1 1 1 1 1 2 2 2 2 3 3 3 3 3 3 1 1 1;...
     1 1 1 1 1 1 1 1 2 2 2 2 3 3 3 3 3 3 1 1 1;...
     1 1 1 1 1 1 1 1 2 2 2 2 3 3 3 3 3 3 1 1 1;...
     1 1 1 1 1 1 1 1 2 2 2 2 3 3 3 3 3 3 1 1 1;...
     1 1 1 1 1 1 1 1 3 3 2 2 3 3 3 3 3 3 1 1 1;...
     1 1 1 1 1 1 1 3 3 3 2 3 3 3 3 3 3 1 1 1 1;...
     1 1 1 1 1 1 3 3 3 3 2 3 3 3 3 3 3 1 1 1 1];
%}

%{
R=1.2
Z=0
gyroangle=3*(pi/4)  

w = [1 1 1 1 1 1 1 1 2 2 2 3 3 3 3 3 3 4 1 1 1;...
     1 1 1 1 1 1 1 1 2 2 2 3 3 3 3 3 3 3 1 1 1;...
     1 1 1 1 1 1 1 1 3 3 2 3 3 3 3 3 3 3 1 1 1;...
     1 1 1 1 1 1 1 5 3 3 2 3 3 3 3 3 3 3 1 1 1;...
     1 1 1 1 1 1 1 3 3 3 3 3 3 3 3 3 3 3 1 1 1;...
     1 1 1 1 1 1 5 3 3 3 3 3 3 3 3 3 3 3 1 1 1;...
     1 1 1 1 1 3 3 3 3 3 3 3 3 3 3 3 3 3 1 1 1];
 %}    

 %{
R=1.2
Z=0
gyroangle=pi 

w = [1 1 1 1 1 1 5 3 3 3 3 3 3 3 3 3 4 4 4 4 1;...
     1 1 1 1 1 1 5 3 3 3 3 3 3 3 3 3 3 4 4 1 1;...
     1 1 1 1 1 1 5 3 3 3 3 3 3 3 3 3 3 3 4 1 1;...
     1 1 1 1 1 1 3 3 3 3 3 3 3 3 3 3 3 3 3 1 1;...
     1 1 1 1 1 5 3 3 3 3 3 3 3 3 3 3 3 3 3 1 1;...
     1 1 1 1 1 3 3 3 3 3 3 3 3 3 3 3 3 3 1 1 1;...
     1 1 1 1 1 3 3 3 3 3 3 3 3 3 3 3 3 3 1 1 1];
%}    